Pulling data...
Data: 6746 rows, 2000-01-03 to 2026-02-06

======================================================================
PHASE 1: FULL-SAMPLE GRID SEARCH
======================================================================
  Lookback values:    21
  Threshold combos:   5,040
  Total combinations: 105,840

Precomputing signal intermediates per lookback...

Sweeping 105,840 combinations...

Completed in 34.6 min (19.6 ms/combo)

── Top 30 Parameter Combos by Sharpe ──
 lookback  z_entry  min_r2  max_beta_cv  min_half_life  sharpe  total_pnl_bps  n_trades  hit_rate  profit_factor  max_drawdown_bps  calmar  avg_holding_days
       80    1.750   0.300        1.000             20   0.463        281.319     1.000     1.000            inf           -16.425  17.128            22.000
       80    1.750   0.300        1.250             20   0.463        281.319     1.000     1.000            inf           -16.425  17.128            22.000
       80    1.750   0.300        1.500             20   0.463        281.319     1.000     1.000            inf           -16.425  17.128            22.000
       80    1.750   0.300        2.000             20   0.463        281.319     1.000     1.000            inf           -16.425  17.128            22.000
       80    2.000   0.300        1.000             20   0.463        246.142     1.000     1.000            inf           -14.372  17.127            22.000
       80    2.000   0.300        1.250             20   0.463        246.142     1.000     1.000            inf           -14.372  17.127            22.000
       80    2.000   0.300        1.500             20   0.463        246.142     1.000     1.000            inf           -14.372  17.127            22.000
       80    2.000   0.300        2.000             20   0.463        246.142     1.000     1.000            inf           -14.372  17.127            22.000
       80    2.250   0.300        1.000             20   0.463        218.782     1.000     1.000            inf           -12.775  17.126            22.000
       80    2.250   0.300        1.250             20   0.463        218.782     1.000     1.000            inf           -12.775  17.126            22.000
       80    2.250   0.300        1.500             20   0.463        218.782     1.000     1.000            inf           -12.775  17.126            22.000
       80    2.250   0.300        2.000             20   0.463        218.782     1.000     1.000            inf           -12.775  17.126            22.000
       80    2.500   0.300        1.000             20   0.463        196.893     1.000     1.000            inf           -11.497  17.125            22.000
       80    2.500   0.300        1.250             20   0.463        196.893     1.000     1.000            inf           -11.497  17.125            22.000
       80    2.500   0.300        1.500             20   0.463        196.893     1.000     1.000            inf           -11.497  17.125            22.000
       80    2.500   0.300        2.000             20   0.463        196.893     1.000     1.000            inf           -11.497  17.125            22.000
       80    3.000   0.300        1.000             20   0.463        164.061     1.000     1.000            inf            -9.581  17.123            22.000
       80    3.000   0.300        1.250             20   0.463        164.061     1.000     1.000            inf            -9.581  17.123            22.000
       80    3.000   0.300        1.500             20   0.463        164.061     1.000     1.000            inf            -9.581  17.123            22.000
       80    3.000   0.300        2.000             20   0.463        164.061     1.000     1.000            inf            -9.581  17.123            22.000
      800    1.750   0.800        0.250              0   0.453         52.839     1.000     1.000            inf            -8.683   6.085            45.000
      800    1.750   0.800        0.250              2   0.453         52.839     1.000     1.000            inf            -8.683   6.085            45.000
      800    1.750   0.800        0.250              5   0.453         52.839     1.000     1.000            inf            -8.683   6.085            45.000
      800    1.750   0.800        0.250             10   0.453         52.839     1.000     1.000            inf            -8.683   6.085            45.000
      800    1.750   0.800        0.250             15   0.453         52.839     1.000     1.000            inf            -8.683   6.085            45.000
      800    1.750   0.800        0.250             20   0.453         52.839     1.000     1.000            inf            -8.683   6.085            45.000
      800    1.750   0.800        0.250             30   0.453         52.839     1.000     1.000            inf            -8.683   6.085            45.000
      800    1.750   0.800        0.500              0   0.453         52.839     1.000     1.000            inf            -8.683   6.085            45.000
      800    1.750   0.800        0.500              2   0.453         52.839     1.000     1.000            inf            -8.683   6.085            45.000
      800    1.750   0.800        0.500              5   0.453         52.839     1.000     1.000            inf            -8.683   6.085            45.000

======================================================================
SENSITIVITY ANALYSIS: Average Sharpe by parameter value
======================================================================

  lookback:
          10 -> avg=+0.048  med=+0.067  max=+0.078  std=0.031  trades=7  (n=7)
          20 -> avg=+0.003  med=+0.004  max=+0.088  std=0.013  trades=8  (n=55)
          30 -> avg=-0.008  med=+0.005  max=+0.416  std=0.105  trades=24  (n=618)
          40 -> avg=-0.014  med=-0.003  max=+0.242  std=0.032  trades=24  (n=418)
          50 -> avg=+0.011  med=+0.003  max=+0.314  std=0.085  trades=23  (n=824)
          60 -> avg=+0.051  med=+0.014  max=+0.441  std=0.102  trades=26  (n=833)
          70 -> avg=-0.030  med=-0.028  max=+0.294  std=0.079  trades=85  (n=2088)
          80 -> avg=-0.036  med=-0.027  max=+0.320  std=0.088  trades=80  (n=2240)
          90 -> avg=-0.010  med=-0.009  max=+0.297  std=0.093  trades=75  (n=2214)
         100 -> avg=+0.026  med=+0.020  max=+0.376  std=0.098  trades=73  (n=2165)
         150 -> avg=-0.023  med=-0.014  max=+0.289  std=0.082  trades=57  (n=2322)
         200 -> avg=-0.051  med=-0.040  max=+0.245  std=0.088  trades=46  (n=2320)
         250 -> avg=-0.029  med=-0.021  max=+0.228  std=0.065  trades=37  (n=2516)
         300 -> avg=-0.024  med=-0.016  max=+0.286  std=0.078  trades=30  (n=2840)
         400 -> avg=-0.014  med=-0.009  max=+0.145  std=0.045  trades=26  (n=2792)
         500 -> avg=-0.008  med=-0.002  max=+0.138  std=0.046  trades=20  (n=2896)
         600 -> avg=+0.030  med=+0.023  max=+0.344  std=0.049  trades=21  (n=2648)
         700 -> avg=+0.080  med=+0.056  max=+0.432  std=0.079  trades=17  (n=2442)
         800 -> avg=+0.031  med=+0.021  max=+0.272  std=0.043  trades=17  (n=2474)
         900 -> avg=+0.032  med=+0.017  max=+0.284  std=0.043  trades=18  (n=2749)
        1000 -> avg=+0.006  med=+0.005  max=+0.033  std=0.010  trades=18  (n=2272)

  z_entry:
         0.5 -> avg=-0.001  med=+0.003  max=+0.432  std=0.084  trades=66  (n=5284)
        0.75 -> avg=+0.005  med=+0.009  max=+0.376  std=0.081  trades=57  (n=5205)
         1.0 -> avg=+0.010  med=+0.011  max=+0.421  std=0.082  trades=47  (n=5036)
        1.25 -> avg=-0.001  med=+0.009  max=+0.437  std=0.076  trades=40  (n=4751)
         1.5 -> avg=+0.008  med=+0.012  max=+0.441  std=0.070  trades=32  (n=4519)
        1.75 -> avg=+0.009  med=+0.014  max=+0.425  std=0.072  trades=26  (n=3990)
         2.0 -> avg=-0.004  med=+0.001  max=+0.440  std=0.078  trades=24  (n=3572)
        2.25 -> avg=-0.013  med=-0.007  max=+0.382  std=0.077  trades=19  (n=3033)
         2.5 -> avg=-0.023  med=-0.023  max=+0.369  std=0.079  trades=16  (n=2708)
         3.0 -> avg=-0.008  med=-0.007  max=+0.416  std=0.061  trades=12  (n=1635)

  min_r2:
         0.0 -> avg=-0.009  med=+0.000  max=+0.296  std=0.062  trades=62  (n=6809)
         0.1 -> avg=-0.005  med=+0.003  max=+0.316  std=0.064  trades=44  (n=5585)
         0.2 -> avg=-0.001  med=+0.006  max=+0.286  std=0.063  trades=40  (n=5606)
         0.3 -> avg=-0.001  med=+0.009  max=+0.269  std=0.059  trades=37  (n=5334)
         0.4 -> avg=+0.000  med=+0.006  max=+0.308  std=0.065  trades=33  (n=4889)
         0.5 -> avg=+0.010  med=+0.013  max=+0.416  std=0.077  trades=28  (n=4398)
         0.6 -> avg=+0.016  med=+0.011  max=+0.361  std=0.094  trades=23  (n=3688)
         0.7 -> avg=+0.026  med=+0.020  max=+0.441  std=0.140  trades=19  (n=2449)
         0.8 -> avg=-0.059  med=-0.050  max=+0.355  std=0.134  trades=16  (n=975)

  max_beta_cv:
        0.25 -> avg=+0.012  med=+0.006  max=+0.441  std=0.108  trades=26  (n=3772)
         0.5 -> avg=-0.002  med=+0.007  max=+0.432  std=0.081  trades=35  (n=5360)
        0.75 -> avg=-0.004  med=+0.004  max=+0.440  std=0.076  trades=37  (n=5964)
         1.0 -> avg=-0.002  med=+0.006  max=+0.439  std=0.074  trades=39  (n=6055)
        1.25 -> avg=-0.001  med=+0.006  max=+0.439  std=0.069  trades=40  (n=6121)
         1.5 -> avg=-0.001  med=+0.006  max=+0.439  std=0.072  trades=41  (n=6150)
         2.0 -> avg=+0.003  med=+0.007  max=+0.439  std=0.069  trades=45  (n=6311)

  min_half_life:
           0 -> avg=-0.008  med=+0.002  max=+0.432  std=0.076  trades=66  (n=9047)
           2 -> avg=+0.001  med=+0.006  max=+0.441  std=0.079  trades=51  (n=7619)
           5 -> avg=+0.003  med=+0.007  max=+0.440  std=0.077  trades=35  (n=6931)
          10 -> avg=+0.018  med=+0.015  max=+0.432  std=0.077  trades=21  (n=5507)
          15 -> avg=-0.008  med=+0.006  max=+0.432  std=0.081  trades=18  (n=3878)
          20 -> avg=-0.006  med=+0.007  max=+0.432  std=0.080  trades=16  (n=3277)
          30 -> avg=+0.002  med=+0.008  max=+0.417  std=0.077  trades=15  (n=2573)
          50 -> avg=-0.005  med=+0.002  max=+0.139  std=0.041  trades=12  (n=901)

======================================================================
INTERACTION ANALYSIS: Pairwise avg Sharpe
======================================================================

  lookback x z_entry:
   lookback   0.5  0.75  2.25   1.0  1.25   1.5  1.75   3.0   2.0   2.5
       10 +0.01 +0.01 +0.06   NaN   NaN   NaN   NaN   NaN   NaN   NaN
       20 +0.01 -0.01   NaN -0.01 -0.01 -0.00 +0.00 +0.01   NaN   NaN
       30 +0.01 +0.02 -0.01 +0.01 +0.02 +0.01 +0.01 +0.03 -0.04 -0.02
       40 -0.01 -0.00   NaN -0.00 -0.00 -0.00 +0.00 -0.05   NaN -0.02
       50 +0.01 +0.00 -0.01 +0.00 +0.01 +0.01 +0.00 +0.00 -0.01 +0.04
       60 +0.05 +0.04 +0.05 +0.05 +0.05 +0.06 +0.06 +0.04 +0.06 +0.05
       70 -0.04 -0.04 -0.01 -0.03 -0.05 -0.04 -0.05 +0.02 -0.04 +0.01
       80 -0.04 -0.04 -0.05 -0.03 -0.05 -0.05 -0.02 +0.00 -0.02 -0.05
       90 -0.04 -0.04 -0.01 -0.03 +0.02 -0.01 +0.04 -0.03 +0.02 -0.03
      100 +0.02 +0.04 +0.02 +0.06 +0.04 +0.05 +0.02 -0.03 +0.04 -0.03
      150 -0.04 -0.04 -0.01 -0.05 -0.04 -0.01 -0.01 -0.01 -0.02 +0.00
      200 -0.05 -0.06 -0.07 -0.05 -0.04 -0.02 -0.04 -0.06 -0.05 -0.08
      250 -0.03 -0.03 -0.05 -0.03 -0.03 -0.01 -0.01 +0.01 -0.04 -0.06
      300 -0.04 -0.02 -0.02 -0.03 -0.04 -0.02 +0.03 -0.01 -0.01 -0.07
      400 -0.03 -0.02 -0.01 -0.00 -0.00 -0.01 -0.03 -0.02 -0.02 -0.00
      500 -0.02 +0.01 -0.03 +0.02 -0.01 +0.01 +0.01 -0.05 +0.00 -0.06
      600 +0.06 +0.03 +0.03 +0.04 +0.02 +0.03 +0.03 -0.05 -0.00 +0.00
      700 +0.11 +0.11 +0.04 +0.10 +0.07 +0.05 +0.05 -0.01 +0.03 +0.06
      800 +0.02 +0.05 +0.03 +0.04 +0.02 +0.02 +0.05   NaN -0.00 +0.02
      900 +0.01 +0.03 +0.02 +0.05 +0.01 +0.07 +0.02   NaN +0.05 +0.04
     1000 -0.00 +0.00 +0.01 +0.01 +0.01 +0.00 +0.01   NaN +0.02 +0.03

  lookback x min_r2:
   lookback   0.0   0.7   0.1   0.2   0.3   0.4   0.5   0.6   0.8
       10 +0.01 +0.06   NaN   NaN   NaN   NaN   NaN   NaN   NaN
       20 +0.01 -0.01 +0.01 -0.00 -0.00 +0.00 -0.00 -0.01   NaN
       30 -0.06 +0.06 -0.02 -0.02 -0.02 -0.02 +0.00 +0.05 -0.01
       40 -0.00 +0.01 -0.02 -0.02 -0.02 -0.02 -0.02 -0.02 -0.02
       50 -0.01 +0.10 -0.01 -0.01 +0.00 +0.01 +0.02 +0.06 -0.12
       60 +0.03 +0.26 +0.02 +0.02 +0.03 +0.02 +0.02 +0.04 +0.07
       70 -0.01 -0.02 -0.02 -0.01 -0.03 -0.03 -0.03 -0.05 -0.12
       80 -0.01 -0.09 -0.04 -0.03 -0.03 -0.02 -0.01 +0.02 -0.19
       90 -0.01 -0.06 -0.01 -0.02 -0.01 -0.03 -0.02 +0.07 -0.01
      100 +0.01 -0.02 +0.05 +0.00 -0.01 +0.01 +0.05 +0.11 +0.07
      150 -0.01 -0.03 -0.02 -0.02 -0.03 -0.02 -0.01 +0.00 -0.13
      200 -0.05 -0.13 -0.08 -0.05 -0.04 -0.01 -0.05 -0.04   NaN
      250 -0.06 -0.04 -0.03 -0.02 -0.01 -0.03 +0.00 -0.06 -0.00
      300 -0.06 -0.02 +0.00 +0.01 -0.01 -0.02 -0.05 -0.05 -0.06
      400 -0.03 +0.01 -0.02 -0.01 -0.01 -0.01 +0.01 -0.05 +0.06
      500 -0.03 +0.04 -0.02 -0.02 -0.00 -0.01 +0.02 -0.01   NaN
      600 +0.00 +0.10 +0.02 +0.03 +0.03 +0.03 +0.04 +0.05   NaN
      700 +0.05 +0.29 +0.05 +0.05 +0.06 +0.08 +0.10 +0.10   NaN
      800 +0.02 +0.13 +0.02 +0.02 +0.02 +0.02 +0.03 +0.13   NaN
      900 +0.03 +0.14 +0.02 +0.02 +0.02 +0.03 +0.03 +0.04   NaN
     1000 +0.01 -0.02 +0.00 +0.00 +0.01 +0.01 +0.02 +0.01   NaN

  lookback x max_beta_cv:
   lookback  0.75   1.0  1.25   1.5   2.0  0.25   0.5
       10 +0.08 +0.08 +0.07 +0.07 +0.02   NaN   NaN
       20 +0.01 +0.00 +0.00 +0.02 +0.00 -0.01 +0.01
       30 -0.00 -0.02 -0.02 -0.03 -0.01 +0.04 +0.01
       40 -0.01 -0.01 -0.01 -0.01 -0.01 -0.01 -0.03
       50 +0.01 +0.01 +0.01 +0.01 +0.01 +0.02 +0.01
       60 +0.02 +0.02 +0.02 +0.02 +0.01 +0.14 +0.01
       70 -0.02 -0.02 -0.03 -0.02 -0.03 -0.06 -0.03
       80 -0.03 -0.04 -0.03 -0.04 -0.04 -0.02 -0.03
       90 -0.01 -0.01 -0.01 -0.01 -0.01 -0.04 +0.01
      100 +0.03 +0.03 +0.03 +0.03 +0.02 -0.02 +0.05
      150 -0.03 -0.01 -0.01 -0.01 -0.01 -0.02 -0.07
      200 -0.07 -0.06 -0.04 -0.05 -0.03 -0.02 -0.10
      250 -0.04 -0.03 -0.02 -0.02 -0.00 -0.05 -0.05
      300 -0.03 -0.03 -0.03 -0.03 -0.01 -0.06 -0.02
      400 -0.02 -0.02 -0.02 -0.01 -0.01 -0.04 +0.01
      500 -0.01 -0.01 -0.01 -0.01 -0.01 -0.12 +0.01
      600 +0.03 +0.02 +0.03 +0.02 +0.02 +0.08 +0.03
      700 +0.07 +0.07 +0.06 +0.07 +0.06 +0.21 +0.07
      800 +0.03 +0.03 +0.03 +0.03 +0.03 +0.04 +0.03
      900 +0.03 +0.03 +0.03 +0.03 +0.04 +0.03 +0.03
     1000 +0.01 +0.01 +0.01 +0.01 +0.01 +0.00 +0.01

  lookback x min_half_life:
   lookback     0     2     5    10    15    20    30    50
       10 +0.05   NaN   NaN   NaN   NaN   NaN   NaN   NaN
       20 +0.00 +0.01   NaN   NaN   NaN   NaN   NaN   NaN
       30 +0.01 -0.01 -0.12 +0.11   NaN   NaN   NaN   NaN
       40 -0.01 -0.04 -0.03   NaN   NaN   NaN   NaN   NaN
       50 +0.00 +0.02 +0.05 +0.05   NaN   NaN   NaN   NaN
       60 +0.03 +0.08 +0.11   NaN   NaN   NaN   NaN   NaN
       70 -0.06 -0.04 -0.02 +0.03 +0.00 -0.03   NaN   NaN
       80 -0.06 -0.04 -0.01 -0.01 -0.03 -0.02   NaN   NaN
       90 -0.02 +0.00 +0.01 +0.01 -0.17 -0.11 -0.02   NaN
      100 +0.01 +0.04 +0.01 +0.09 -0.08 -0.05   NaN   NaN
      150 -0.03 -0.02 -0.02 +0.01 -0.09 -0.04 -0.03   NaN
      200 -0.06 -0.05 -0.02 -0.01 -0.12 -0.10 -0.17   NaN
      250 -0.04 -0.02 -0.03 +0.01 -0.06 -0.04 -0.07 -0.09
      300 -0.01 -0.00 -0.00 -0.00 -0.02 -0.10 -0.09 -0.13
      400 +0.00 -0.01 -0.01 -0.01 -0.01 -0.03 -0.06 -0.10
      500 -0.01 -0.01 -0.00 -0.00 +0.00 -0.01 -0.03 -0.02
      600 +0.03 +0.03 +0.03 +0.03 +0.04 +0.03 +0.03 -0.03
      700 +0.08 +0.08 +0.08 +0.08 +0.08 +0.08 +0.08 +0.03
      800 +0.03 +0.03 +0.03 +0.03 +0.03 +0.03 +0.04 +0.01
      900 +0.03 +0.03 +0.03 +0.03 +0.03 +0.03 +0.03 +0.00
     1000 +0.01 +0.01 +0.01 +0.01 +0.01 +0.01 +0.01 -0.00

  z_entry x min_r2:
   z_entry   0.0   0.1   0.2   0.3   0.4   0.5   0.6   0.7   0.8
   +0.50 -0.02 -0.00 -0.01 -0.00 +0.00 +0.01 -0.00 +0.03 -0.03
   +0.75 -0.01 -0.00 +0.00 +0.00 +0.01 +0.01 +0.02 +0.04 -0.04
   +1.00 -0.01 -0.00 +0.00 +0.00 +0.02 +0.02 +0.03 +0.05 -0.02
   +1.25 -0.01 -0.01 +0.00 +0.00 -0.00 +0.02 +0.01 -0.02 -0.07
   +1.50 -0.00 +0.00 +0.01 +0.01 +0.01 +0.02 +0.04 -0.02 -0.03
   +1.75 +0.00 +0.01 +0.01 +0.01 +0.01 +0.02 +0.02 +0.01 -0.08
   +2.00 -0.00 -0.01 -0.01 -0.00 -0.00 -0.00 +0.03 +0.04 -0.13
   +2.25 -0.01 -0.02 -0.00 -0.01 -0.03 -0.03 +0.01 +0.03 -0.12
   +2.50 -0.03 -0.03 -0.02 -0.03 -0.03 -0.01 -0.02 +0.06 -0.13
   +3.00 -0.02 -0.02 -0.01 -0.01 -0.02 +0.02 +0.03 +0.09   NaN

  z_entry x max_beta_cv:
   z_entry  0.25   0.5  0.75   1.0  1.25   1.5   2.0
   +0.50 +0.02 -0.01 -0.01 -0.00 -0.00 -0.00 +0.00
   +0.75 +0.01 -0.00 +0.00 +0.00 +0.01 +0.01 +0.01
   +1.00 +0.03 +0.00 +0.01 +0.01 +0.01 +0.01 +0.01
   +1.25 +0.00 -0.01 -0.00 -0.00 -0.00 -0.00 +0.00
   +1.50 +0.01 +0.01 +0.00 +0.01 +0.01 +0.01 +0.01
   +1.75 +0.02 +0.01 +0.01 +0.01 +0.01 +0.01 +0.01
   +2.00 -0.01 -0.01 -0.01 -0.00 -0.00 -0.00 +0.00
   +2.25 -0.00 -0.00 -0.02 -0.02 -0.02 -0.01 -0.01
   +2.50 +0.01 -0.01 -0.03 -0.03 -0.03 -0.03 -0.02
   +3.00 +0.05 -0.02 -0.02 -0.01 -0.01 -0.01 -0.01

  z_entry x min_half_life:
   z_entry     0     2     5    10    15    20    30    50
   +0.50 -0.01 -0.01 +0.00 +0.02 -0.01 -0.00 +0.01 -0.01
   +0.75 -0.01 -0.00 +0.01 +0.03 +0.00 +0.00 +0.01 +0.01
   +1.00 -0.01 +0.00 +0.02 +0.04 +0.01 +0.01 +0.01 +0.00
   +1.25 -0.01 -0.00 +0.01 +0.02 -0.01 -0.01 -0.01 -0.00
   +1.50 -0.00 +0.01 +0.01 +0.03 -0.00 +0.00 +0.01 -0.01
   +1.75 +0.00 +0.01 +0.02 +0.02 -0.01 +0.00 +0.01 -0.02
   +2.00 -0.01 -0.00 +0.00 +0.01 -0.02 -0.01 -0.01 -0.01
   +2.25 -0.01 +0.00 -0.02 -0.01 -0.03 -0.03 -0.02 -0.02
   +2.50 -0.02 -0.01 -0.03 -0.03 -0.04 -0.04 -0.04 -0.06
   +3.00 -0.00 -0.01 -0.01 -0.01 -0.01 -0.08 -0.03 -0.02

  min_r2 x max_beta_cv:
   min_r2  0.25   0.5  0.75   1.0  1.25   1.5   2.0
  +0.00 -0.00 -0.01 -0.01 -0.01 -0.01 -0.01 -0.01
  +0.10 +0.00 -0.01 -0.01 -0.01 -0.00 -0.01 -0.01
  +0.20 +0.01 -0.00 -0.00 -0.00 -0.00 -0.01 -0.00
  +0.30 +0.00 -0.00 -0.00 -0.00 +0.00 -0.00 +0.00
  +0.40 +0.01 -0.01 -0.01 -0.00 -0.00 +0.00 +0.01
  +0.50 +0.01 +0.00 +0.00 +0.01 +0.01 +0.01 +0.03
  +0.60 +0.06 +0.02 +0.00 +0.01 +0.01 +0.01 +0.02
  +0.70 +0.07 +0.02 +0.01 +0.02 +0.03 +0.03 +0.03
  +0.80 -0.05 -0.07 -0.06 -0.06 -0.06 -0.06 -0.06

  min_r2 x min_half_life:
   min_r2     0     2     5    10    15    20    30    50
  +0.00 -0.01 -0.00 -0.00 +0.01 -0.02 -0.02 -0.03 -0.02
  +0.10 -0.01 +0.00 +0.00 +0.02 -0.03 -0.02 -0.01 +0.00
  +0.20 -0.00 +0.01 +0.00 +0.01 -0.02 -0.02 -0.00 +0.01
  +0.30 -0.01 +0.00 +0.00 +0.01 -0.02 +0.00 +0.00 +0.01
  +0.40 -0.01 +0.00 -0.01 +0.02 -0.00 +0.01 -0.01 +0.01
  +0.50 -0.00 +0.00 -0.00 +0.04 +0.02 +0.00 +0.03 +0.01
  +0.60 +0.00 +0.02 +0.02 +0.03 +0.02 +0.00 +0.04   NaN
  +0.70 +0.01 +0.01 -0.01 +0.06 +0.10 +0.10 +0.10   NaN
  +0.80 -0.07 -0.09 +0.03 +0.02   NaN   NaN   NaN   NaN

  max_beta_cv x min_half_life:
   max_beta_cv     0     2     5    10    15    20    30    50
       +0.25 -0.01 +0.00 +0.01 +0.02 +0.06 +0.07 +0.08 +0.00
       +0.50 -0.01 -0.01 -0.00 +0.02 -0.01 -0.00 +0.01 +0.01
       +0.75 -0.01 -0.00 +0.00 +0.01 -0.02 -0.02 -0.01 -0.00
       +1.00 -0.01 +0.00 +0.00 +0.02 -0.02 -0.01 -0.01 -0.01
       +1.25 -0.01 +0.00 +0.00 +0.02 -0.01 -0.01 -0.01 -0.01
       +1.50 -0.01 +0.00 +0.00 +0.02 -0.01 -0.01 -0.01 -0.01
       +2.00 -0.00 +0.01 +0.01 +0.02 -0.01 -0.01 +0.00 -0.01

======================================================================
PHASE 2: WALK-FORWARD VALIDATION
======================================================================

Walk-forward grid (narrowed from sensitivity): 243 combos
  lookback: [700, 60, 10]
  z_entry: [1.0, 1.75, 1.5]
  min_r2: [0.7, 0.6, 0.5]
  max_beta_cv: [0.25, 2.0, 1.25]
  min_half_life: [10, 5, 30]

── Walk-Forward Results (Out-of-Sample) ──
 window train_start  train_end test_start   test_end  best_lookback  best_z_entry  best_min_r2  best_max_beta_cv  best_min_half_life  is_train_sharpe  oos_total_pnl_bps  oos_n_trades  oos_hit_rate  oos_sharpe
      0  2000-01-03 2003-01-02 2003-01-02 2004-01-02            700         1.000        0.700             0.250                  10            0.000              0.000         0.000         0.000       0.000
      1  2001-01-02 2004-01-02 2004-01-02 2005-01-01             60         1.000        0.500             0.250                  10            1.261              0.000         0.000         0.000       0.000
      2  2002-01-02 2005-01-01 2005-01-01 2006-01-01             60         1.000        0.700             0.250                   5            0.780              0.000         0.000         0.000       0.000
      3  2003-01-02 2006-01-01 2006-01-01 2007-01-01             10         1.500        0.500             2.000                  10            0.557              0.000         0.000         0.000       0.000
      4  2004-01-02 2007-01-01 2007-01-01 2008-01-01             60         1.000        0.500             0.250                   5            0.678              0.000         0.000         0.000       0.000
      5  2005-01-01 2008-01-01 2008-01-01 2008-12-31             60         1.500        0.700             2.000                   5            0.565              0.000         0.000         0.000       0.000
      6  2006-01-01 2008-12-31 2008-12-31 2009-12-31             60         1.500        0.600             2.000                   5            0.863              0.000         0.000         0.000       0.000
      7  2007-01-01 2009-12-31 2009-12-31 2010-12-31             60         1.750        0.700             2.000                   5            0.830              0.000         0.000         0.000       0.000
      8  2008-01-01 2010-12-31 2010-12-31 2011-12-31             60         1.000        0.600             2.000                   5            0.544            -18.033         1.000         0.000      -0.112
      9  2008-12-31 2011-12-31 2011-12-31 2012-12-30             60         1.750        0.700             2.000                   5            0.652              0.000         0.000         0.000       0.000
     10  2009-12-31 2012-12-30 2012-12-30 2013-12-30             60         1.750        0.700             2.000                   5            0.651              0.000         0.000         0.000       0.000
     11  2010-12-31 2013-12-30 2013-12-30 2014-12-30             60         1.500        0.700             2.000                   5            0.729              0.000         0.000         0.000       0.000
     12  2011-12-31 2014-12-30 2014-12-30 2015-12-30             10         1.000        0.700             1.250                   5            0.528              0.000         0.000         0.000       0.000
     13  2012-12-30 2015-12-30 2015-12-30 2016-12-29             60         1.500        0.500             2.000                   5            0.089              0.000         0.000         0.000       0.000
     14  2013-12-30 2016-12-29 2016-12-29 2017-12-29            700         1.000        0.700             0.250                  10            0.000              0.000         0.000         0.000       0.000
     15  2014-12-30 2017-12-29 2017-12-29 2018-12-29             10         1.750        0.500             2.000                   5            0.945              0.000         0.000         0.000       0.000
     16  2015-12-30 2018-12-29 2018-12-29 2019-12-29            700         1.000        0.700             0.250                  10            0.000              0.000         0.000         0.000       0.000
     17  2016-12-29 2019-12-29 2019-12-29 2020-12-28             60         1.000        0.600             2.000                   5            0.203              0.000         0.000         0.000       0.000
     18  2017-12-29 2020-12-28 2020-12-28 2021-12-28             10         1.500        0.600             2.000                   5            0.926              0.000         0.000         0.000       0.000
     19  2018-12-29 2021-12-28 2021-12-28 2022-12-28             10         1.500        0.500             2.000                   5            0.630              5.399         1.000         0.000       0.273
     20  2019-12-29 2022-12-28 2022-12-28 2023-12-28             60         1.500        0.600             2.000                  10            0.109              0.000         0.000         0.000       0.000
     21  2020-12-28 2023-12-28 2023-12-28 2024-12-27             60         1.750        0.500             2.000                   5            0.563              2.976         2.000         1.000       0.543
     22  2021-12-28 2024-12-27 2024-12-27 2025-12-27             60         1.750        0.500             2.000                   5            0.827              0.000         0.000         0.000       0.000

── Walk-Forward Summary ──
  Windows:         23
  IS avg Sharpe:   0.562
  OOS avg Sharpe:  0.031
  OOS med Sharpe:  0.000
  OOS % positive:  9%
  Sharpe decay:    95%

── Most Selected Parameters (across windows) ──
  lookback:  best_lookback  times_chosen
            60            15
            10             5
           700             3
  z_entry:  best_z_entry  times_chosen
         1.00             9
         1.50             8
         1.75             6
  min_r2:  best_min_r2  times_chosen
         0.7            10
         0.5             8
         0.6             5
  max_beta_cv:  best_max_beta_cv  times_chosen
             2.00            16
             0.25             6
             1.25             1
  min_half_life:  best_min_half_life  times_chosen
                  5            17
                 10             6

======================================================================
RECOMMENDATION
======================================================================

Best full-sample params (Sharpe = 0.463):
         lookback = 80
          z_entry = 1.75
           min_r2 = 0.3
      max_beta_cv = 1.0
    min_half_life = 20
           trades = 1.0
         hit_rate = 100.0%
        total_pnl = 281 bps
           max_dd = -16 bps
           calmar = 17.13

  OOS avg Sharpe:  0.031
  -> Marginal OOS performance — use tight filters.

Total elapsed: 35.8 min

Saved full-sample results → dig/sweep_10s30s_results.parquet (105840 rows)
Saved walk-forward results → dig/sweep_10s30s_wf_results.parquet (23 rows)
